userId,id,title,completed
5,94,facilis modi saepe mollitia,False
